2
0
-4
-8
-8
0
78
-1
-64
0
0
146652
2
1
6681
545891
44614129
26844
4398152
720598984
1075
35244
1155527
23961
3708995
574127473
-259
-4939
-5119
273379
142937992
74736066391
-216
0
23328
48194
10580020
2322640418
24011
3720620
576528023
1157
39305
1336337
119716
41421736
14331920656
13843
1628396
191578087
183126
78365516
33535130194
2385
116473
5688097
23708
3650416
562069232
70
550
4450
73435
19900072
5392699207
7106
598646
50453186
398
7940
158402
82626
23750496
6827005314
6440755780408195008
148616206667897776
78748760341807937
364014028742456062
90974063250924777
2647122996252320000
174858232354870682
20908446022289826
3642933146508773376
97682512741870142
203411784592600049
967578532265365405
4411122789955498515
22202062364809042
3034163152740268640
6395836908480648224
347751646084330048
785058808859808785
441413074128562785
-1338340077206904649
78198317591141161
522762131196660457
-45962959948179768
586955455288535216
7428591194027892733
1637606314594690749
570470393709083329
95235743675796544
651703541441078177
846587473162687674
4306687924532939303
601404923825472637
1646474510124648448
516261064992111322
-405021271908455873
128229482717028352
307033798121500086
-2202088696166237823
1034556090175734375
-8255534614148014400
231304404738867553
337055187129282056
49922995163457168
466897122746367169
751293841387072610
244514440036344816
2592305046949223138
864526845147734927
336582159819952266
4794095746084624407
838336704632717482
1997709261668715807
355913285075141040
77839024413384704
23805094291213952
189240832490630258
-8129239486594089302
5469999353276752957
153071673301604432
36458992993494346
-8361018491534157824
181721355781823264
297636972628924991
304236545956421177
118436148573272586
549649160623827866
775064983603520871
110471336088092586
257252136937339375
109509483051540089
7185993768454017361
2269396191992798536
582341951190644669
407692901342632250
436245514525438592
504415480045034638
-7873849495791621549
5345459725938287474
3665120001892160319
435559723071638544
695374327443202697
5216169770892990156
168055252245837900
923101398558351847
534673559887419682
6772566257374098053
234423417965875777
107514027377612794
177032993078714152
72235753579551872
232246322830171580
2856114902338834026
441601219842432000
312086112164239609
1387789154256151323
2
