2 2 1
2 2 2
2 2 3
2 2 4
2 2 5
2 2 6
10 11 2
1 1 10000
2 2 11
0 0 3
0 0 4
12 13 5
1 1 0
1 1 1
83 104 2
83 104 3
83 104 4
164 26 2
164 26 3
164 26 4
33 7 2
33 7 3
33 7 4
155 32 2
155 32 3
155 32 4
11 190 2
11 190 3
11 190 4
523 75 2
523 75 3
523 75 4
0 108 2
0 108 3
0 108 4
220 103 2
220 103 3
220 103 4
155 7 2
155 7 3
155 7 4
35 34 2
35 34 3
35 34 4
346 0 2
346 0 3
346 0 4
119 159 2
119 159 3
119 159 4
428 29 2
428 29 3
428 29 4
49 8 2
49 8 3
49 8 4
154 4 2
154 4 3
154 4 4
10 15 2
10 15 3
10 15 4
271 3 2
271 3 3
271 3 4
86 145 2
86 145 3
86 145 4
20 1 2
20 1 3
20 1 4
288 159 2
288 159 3
288 159 4
504 8562 7
732 3058 6
165 4604 8
854 7611 6
673 1586 6
210 1840 8
759 8381 6
541 8465 6
64 5660 10
684 3641 6
779 9292 6
385 5191 7
465 1938 7
534 2041 6
182 7798 9
266 9362 8
850 9576 6
365 1767 7
879 5598 6
77 3769 10
281 5696 7
361 7213 7
117 8395 9
924 8210 6
509 6248 7
153 5004 9
915 3922 6
686 6912 6
201 5468 8
973 365 6
463 1736 7
353 2204 7
36 3844 10
903 6571 6
103 2901 10
716 4176 6
826 3815 6
135 9144 10
375 160 7
88 9162 10
787 2754 6
344 7939 7
620 8006 6
193 5064 8
957 3377 6
800 7298 6
442 6365 7
215 7051 8
844 8315 6
477 4986 7
979 7731 6
207 2541 8
852 8562 6
668 9520 6
552 8396 6
763 4009 6
80 7131 10
481 2767 7
732 446 6
588 7003 6
4 5340 10
762 7070 6
209 8585 8
827 5656 6
42 5949 9
161 6325 9
387 9908 7
306 9221 7
335 8585 7
119 5454 9
509 7379 7
136 2899 9
353 2743 7
865 3355 6
338 2284 7
902 8739 6
3 5259 10
34 5161 10
459 4596 7
876 4662 6
947 5416 6
492 9457 7
300 3201 7
373 1650 7
901 81 6
509 9357 7
35 876 12
691 987 6
296 1433 7
650 3004 6
92 593 9
112 2939 10
106 3668 10
343 8638 7
31 9719 10
2 1 0
0 0