Case 1: 2.0000000000
Case 2: 1.0000000000
Case 3: 0.0000000000
Case 4: 2.5000000000
0	0	0.0000
0	1	1.0000
0	2	1.0000
0	3	1.0000
0	4	1.0000
0	5	1.0000
0	6	1.0000
0	7	1.0000
0	8	1.0000
0	9	1.0000
0	10	1.0000
1	0	0.0000
1	1	1.5000
1	2	2.0000
1	3	2.2500
1	4	2.4000
1	5	2.5000
1	6	2.5714
1	7	2.6250
1	8	2.6667
1	9	2.7000
1	10	2.7273
2	0	0.0000
2	1	1.6667
2	2	2.5000
2	3	3.0000
2	4	3.3333
2	5	3.5714
2	6	3.7500
2	7	3.8889
2	8	4.0000
2	9	4.0909
2	10	4.1667
3	0	0.0000
3	1	1.7500
3	2	2.8000
3	3	3.5000
3	4	4.0000
3	5	4.3750
3	6	4.6667
3	7	4.9000
3	8	5.0909
3	9	5.2500
3	10	5.3846
4	0	0.0000
4	1	1.8000
4	2	3.0000
4	3	3.8571
4	4	4.5000
4	5	5.0000
4	6	5.4000
4	7	5.7273
4	8	6.0000
4	9	6.2308
4	10	6.4286
5	0	0.0000
5	1	1.8333
5	2	3.1429
5	3	4.1250
5	4	4.8889
5	5	5.5000
5	6	6.0000
5	7	6.4167
5	8	6.7692
5	9	7.0714
5	10	7.3333
6	0	0.0000
6	1	1.8571
6	2	3.2500
6	3	4.3333
6	4	5.2000
6	5	5.9091
6	6	6.5000
6	7	7.0000
6	8	7.4286
6	9	7.8000
6	10	8.1250
7	0	0.0000
7	1	1.8750
7	2	3.3333
7	3	4.5000
7	4	5.4545
7	5	6.2500
7	6	6.9231
7	7	7.5000
7	8	8.0000
7	9	8.4375
7	10	8.8235
8	0	0.0000
8	1	1.8889
8	2	3.4000
8	3	4.6364
8	4	5.6667
8	5	6.5385
8	6	7.2857
8	7	7.9333
8	8	8.5000
8	9	9.0000
8	10	9.4444
9	0	0.0000
9	1	1.9000
9	2	3.4545
9	3	4.7500
9	4	5.8462
9	5	6.7857
9	6	7.6000
9	7	8.3125
9	8	8.9412
9	9	9.5000
9	10	10.0000
10	0	0.0000
10	1	1.9091
10	2	3.5000
10	3	4.8462
10	4	6.0000
10	5	7.0000
10	6	7.8750
10	7	8.6471
10	8	9.3333
10	9	9.9474
10	10	10.5000

# Time consumed: 0.384s.
