0, 0 -> 0
0, 1 -> 1
0, 2 -> 2
0, 3 -> 3
0, 4 -> 4
0, 5 -> 5
0, 6 -> 6
0, 7 -> 7
0, 8 -> 8
0, 9 -> 9
0, 10 -> 10
0, 11 -> 11
0, 12 -> 12
0, 13 -> 13
0, 14 -> 14
0, 15 -> 15
0, 16 -> 16
0, 17 -> 17
0, 18 -> 18
0, 19 -> 19
0, 20 -> 20
1, 0 -> 1
1, 1 -> 2
1, 2 -> 0
1, 3 -> 3
1, 4 -> 4
1, 5 -> 5
1, 6 -> 6
1, 7 -> 7
1, 8 -> 8
1, 9 -> 9
1, 10 -> 10
1, 11 -> 11
1, 12 -> 12
1, 13 -> 13
1, 14 -> 14
1, 15 -> 15
1, 16 -> 16
1, 17 -> 17
1, 18 -> 18
1, 19 -> 19
1, 20 -> 20
2, 0 -> 2
2, 1 -> 0
2, 2 -> 3
2, 3 -> 3
2, 4 -> 4
2, 5 -> 5
2, 6 -> 6
2, 7 -> 7
2, 8 -> 8
2, 9 -> 9
2, 10 -> 10
2, 11 -> 11
2, 12 -> 12
2, 13 -> 13
2, 14 -> 14
2, 15 -> 15
2, 16 -> 16
2, 17 -> 17
2, 18 -> 18
2, 19 -> 19
2, 20 -> 20
3, 0 -> 3
3, 1 -> 4
3, 2 -> 3
3, 3 -> 1
3, 4 -> 3
3, 5 -> 0
3, 6 -> 6
3, 7 -> 7
3, 8 -> 8
3, 9 -> 9
3, 10 -> 10
3, 11 -> 11
3, 12 -> 12
3, 13 -> 13
3, 14 -> 14
3, 15 -> 15
3, 16 -> 16
3, 17 -> 17
3, 18 -> 18
3, 19 -> 19
3, 20 -> 20
4, 0 -> 4
4, 1 -> 5
4, 2 -> 6
4, 3 -> 3
4, 4 -> 7
4, 5 -> 3
4, 6 -> 6
4, 7 -> 0
4, 8 -> 1
4, 9 -> 2
4, 10 -> 10
4, 11 -> 11
4, 12 -> 12
4, 13 -> 8
4, 14 -> 9
4, 15 -> 15
4, 16 -> 16
4, 17 -> 17
4, 18 -> 13
4, 19 -> 14
4, 20 -> 20
5, 0 -> 5
5, 1 -> 3
5, 2 -> 4
5, 3 -> 0
5, 4 -> 3
5, 5 -> 8
5, 6 -> 3
5, 7 -> 6
5, 8 -> 1
5, 9 -> 9
5, 10 -> 10
5, 11 -> 11
5, 12 -> 12
5, 13 -> 7
5, 14 -> 13
5, 15 -> 14
5, 16 -> 16
5, 17 -> 17
5, 18 -> 18
5, 19 -> 19
5, 20 -> 20
6, 0 -> 6
6, 1 -> 7
6, 2 -> 5
6, 3 -> 8
6, 4 -> 7
6, 5 -> 3
6, 6 -> 4
6, 7 -> 3
6, 8 -> 6
6, 9 -> 1
6, 10 -> 0
6, 11 -> 11
6, 12 -> 2
6, 13 -> 13
6, 14 -> 14
6, 15 -> 15
6, 16 -> 16
6, 17 -> 17
6, 18 -> 18
6, 19 -> 12
6, 20 -> 20
7, 0 -> 7
7, 1 -> 8
7, 2 -> 9
7, 3 -> 10
7, 4 -> 0
7, 5 -> 7
7, 6 -> 3
7, 7 -> 6
7, 8 -> 3
7, 9 -> 6
7, 10 -> 1
7, 11 -> 2
7, 12 -> 12
7, 13 -> 13
7, 14 -> 14
7, 15 -> 15
7, 16 -> 16
7, 17 -> 17
7, 18 -> 18
7, 19 -> 11
7, 20 -> 19
8, 0 -> 8
8, 1 -> 6
8, 2 -> 7
8, 3 -> 11
8, 4 -> 1
8, 5 -> 1
8, 6 -> 7
8, 7 -> 3
8, 8 -> 5
8, 9 -> 3
8, 10 -> 6
8, 11 -> 1
8, 12 -> 2
8, 13 -> 0
8, 14 -> 4
8, 15 -> 15
8, 16 -> 16
8, 17 -> 14
8, 18 -> 18
8, 19 -> 9
8, 20 -> 19
9, 0 -> 9
9, 1 -> 10
9, 2 -> 8
9, 3 -> 12
9, 4 -> 2
9, 5 -> 6
9, 6 -> 1
9, 7 -> 7
9, 8 -> 3
9, 9 -> 11
9, 10 -> 3
9, 11 -> 6
9, 12 -> 1
9, 13 -> 2
9, 14 -> 4
9, 15 -> 0
9, 16 -> 5
9, 17 -> 17
9, 18 -> 18
9, 19 -> 19
9, 20 -> 20
10, 0 -> 10
10, 1 -> 11
10, 2 -> 12
10, 3 -> 9
10, 4 -> 13
10, 5 -> 14
10, 6 -> 0
10, 7 -> 1
10, 8 -> 7
10, 9 -> 3
10, 10 -> 15
10, 11 -> 3
10, 12 -> 6
10, 13 -> 1
10, 14 -> 2
10, 15 -> 4
10, 16 -> 5
10, 17 -> 16
10, 18 -> 18
10, 19 -> 17
10, 20 -> 8
11, 0 -> 11
11, 1 -> 9
11, 2 -> 10
11, 3 -> 7
11, 4 -> 12
11, 5 -> 15
11, 6 -> 8
11, 7 -> 2
11, 8 -> 1
11, 9 -> 7
11, 10 -> 3
11, 11 -> 13
11, 12 -> 3
11, 13 -> 6
11, 14 -> 1
11, 15 -> 2
11, 16 -> 4
11, 17 -> 5
11, 18 -> 0
11, 19 -> 19
11, 20 -> 20
12, 0 -> 12
12, 1 -> 13
12, 2 -> 11
12, 3 -> 14
12, 4 -> 6
12, 5 -> 10
12, 6 -> 2
12, 7 -> 15
12, 8 -> 2
12, 9 -> 1
12, 10 -> 7
12, 11 -> 3
12, 12 -> 9
12, 13 -> 3
12, 14 -> 6
12, 15 -> 1
12, 16 -> 2
12, 17 -> 4
12, 18 -> 5
12, 19 -> 17
12, 20 -> 0
13, 0 -> 13
13, 1 -> 14
13, 2 -> 15
13, 3 -> 16
13, 4 -> 17
13, 5 -> 9
13, 6 -> 18
13, 7 -> 10
13, 8 -> 0
13, 9 -> 2
13, 10 -> 1
13, 11 -> 7
13, 12 -> 3
13, 13 -> 12
13, 14 -> 3
13, 15 -> 6
13, 16 -> 1
13, 17 -> 2
13, 18 -> 4
13, 19 -> 5
13, 20 -> 17
14, 0 -> 14
14, 1 -> 12
14, 2 -> 13
14, 3 -> 17
14, 4 -> 15
14, 5 -> 16
14, 6 -> 19
14, 7 -> 11
14, 8 -> 4
14, 9 -> 4
14, 10 -> 2
14, 11 -> 1
14, 12 -> 7
14, 13 -> 3
14, 14 -> 10
14, 15 -> 3
14, 16 -> 6
14, 17 -> 1
14, 18 -> 2
14, 19 -> 4
14, 20 -> 5
15, 0 -> 15
15, 1 -> 16
15, 2 -> 14
15, 3 -> 18
15, 4 -> 19
15, 5 -> 12
15, 6 -> 20
15, 7 -> 13
15, 8 -> 21
15, 9 -> 0
15, 10 -> 4
15, 11 -> 2
15, 12 -> 1
15, 13 -> 7
15, 14 -> 3
15, 15 -> 17
15, 16 -> 3
15, 17 -> 6
15, 18 -> 1
15, 19 -> 2
15, 20 -> 4
16, 0 -> 16
16, 1 -> 17
16, 2 -> 18
16, 3 -> 15
16, 4 -> 11
16, 5 -> 20
16, 6 -> 21
16, 7 -> 8
16, 8 -> 22
16, 9 -> 5
16, 10 -> 5
16, 11 -> 4
16, 12 -> 2
16, 13 -> 1
16, 14 -> 7
16, 15 -> 3
16, 16 -> 14
16, 17 -> 3
16, 18 -> 6
16, 19 -> 1
16, 20 -> 2
17, 0 -> 17
17, 1 -> 15
17, 2 -> 16
17, 3 -> 13
17, 4 -> 18
17, 5 -> 19
17, 6 -> 22
17, 7 -> 14
17, 8 -> 12
17, 9 -> 23
17, 10 -> 20
17, 11 -> 5
17, 12 -> 4
17, 13 -> 2
17, 14 -> 1
17, 15 -> 7
17, 16 -> 3
17, 17 -> 21
17, 18 -> 3
17, 19 -> 6
17, 20 -> 1
18, 0 -> 18
18, 1 -> 19
18, 2 -> 17
18, 3 -> 20
18, 4 -> 21
18, 5 -> 11
18, 6 -> 15
18, 7 -> 9
18, 8 -> 23
18, 9 -> 22
18, 10 -> 14
18, 11 -> 0
18, 12 -> 5
18, 13 -> 4
18, 14 -> 2
18, 15 -> 1
18, 16 -> 7
18, 17 -> 3
18, 18 -> 16
18, 19 -> 3
18, 20 -> 6
19, 0 -> 19
19, 1 -> 20
19, 2 -> 21
19, 3 -> 22
19, 4 -> 14
19, 5 -> 17
19, 6 -> 16
19, 7 -> 23
19, 8 -> 24
19, 9 -> 25
19, 10 -> 13
19, 11 -> 26
19, 12 -> 16
19, 13 -> 5
19, 14 -> 4
19, 15 -> 2
19, 16 -> 1
19, 17 -> 7
19, 18 -> 3
19, 19 -> 18
19, 20 -> 3
20, 0 -> 20
20, 1 -> 18
20, 2 -> 19
20, 3 -> 23
20, 4 -> 24
20, 5 -> 13
20, 6 -> 25
20, 7 -> 17
20, 8 -> 26
20, 9 -> 27
20, 10 -> 22
20, 11 -> 28
20, 12 -> 0
20, 13 -> 16
20, 14 -> 5
20, 15 -> 4
20, 16 -> 2
20, 17 -> 1
20, 18 -> 7
20, 19 -> 3
20, 20 -> 29

# Time consumed: 0.004s.
